   2.30000      0.138710E-03  0.616671E-03  0.318820E-02  0.522187E-02
   2.40000      0.125510E-03  0.557988E-03  0.288480E-02  0.472494E-02
   2.50000      0.113566E-03  0.504888E-03  0.261028E-02  0.427531E-02
   2.60000      0.102759E-03  0.456842E-03  0.236188E-02  0.386846E-02
   2.70000      0.929802E-04  0.413368E-03  0.213712E-02  0.350033E-02
   2.80000      0.841320E-04  0.374031E-03  0.193374E-02  0.316723E-02
   2.90000      0.761258E-04  0.338437E-03  0.174972E-02  0.286582E-02
   3.00000      0.688815E-04  0.306230E-03  0.158321E-02  0.259310E-02
   3.10000      0.623265E-04  0.277089E-03  0.143255E-02  0.234634E-02
   3.20000      0.563954E-04  0.250720E-03  0.129623E-02  0.212305E-02
   3.30000      0.510286E-04  0.226861E-03  0.117287E-02  0.192102E-02
   3.40000      0.461726E-04  0.205272E-03  0.106126E-02  0.173821E-02
   3.50000      0.417787E-04  0.185738E-03  0.960268E-03  0.157280E-02
   3.60000      0.378029E-04  0.168063E-03  0.868886E-03  0.142313E-02
   3.70000      0.342055E-04  0.152069E-03  0.786201E-03  0.128770E-02
   3.80000      0.309504E-04  0.137598E-03  0.711384E-03  0.116516E-02
   3.90000      0.280051E-04  0.124504E-03  0.643687E-03  0.105428E-02
   4.00000      0.253401E-04  0.112656E-03  0.582432E-03  0.953950E-03
   4.10000      0.229286E-04  0.101935E-03  0.527006E-03  0.863170E-03
   4.20000      0.207467E-04  0.922348E-04  0.476855E-03  0.781028E-03
