   6.30000      0.151961E-04  0.675160E-04  0.591966E-04  0.969566E-04
   6.40000      0.655432E-05  0.291224E-04  0.531069E-04  0.869824E-04
   6.50000      0.351099E-05  0.156025E-04  0.478997E-04  0.784536E-04
   6.60000      0.236326E-05  0.105040E-04  0.432898E-04  0.709033E-04
   6.70000      0.186479E-05  0.828951E-05  0.391529E-04  0.641275E-04
   6.80000      0.159534E-05  0.709217E-05  0.354212E-04  0.580154E-04
   6.90000      0.141259E-05  0.627991E-05  0.320484E-04  0.524913E-04
   7.00000      0.126776E-05  0.563612E-05  0.289980E-04  0.474950E-04
   7.10000      0.114362E-05  0.508424E-05  0.262382E-04  0.429749E-04
   7.20000      0.103361E-05  0.459519E-05  0.237413E-04  0.388852E-04
   7.30000      0.934856E-06  0.415614E-05  0.214820E-04  0.351847E-04
   7.40000      0.845760E-06  0.376004E-05  0.194377E-04  0.318364E-04
   7.50000      0.765230E-06  0.340203E-05  0.175879E-04  0.288068E-04
   7.60000      0.692394E-06  0.307822E-05  0.159142E-04  0.260655E-04
   7.70000      0.626499E-06  0.278526E-05  0.143998E-04  0.235850E-04
   7.80000      0.566878E-06  0.252020E-05  0.130295E-04  0.213406E-04
   7.90000      0.512932E-06  0.228037E-05  0.117895E-04  0.193098E-04
   8.00000      0.464120E-06  0.206336E-05  0.106676E-04  0.174722E-04
   8.10000      0.419953E-06  0.186701E-05  0.965246E-05  0.158095E-04
   8.20000      0.379989E-06  0.168934E-05  0.873390E-05  0.143050E-04
