   2.30000      0.817693E-03  0.363298E-02  0.323127E-02  0.529240E-02
   2.40000      0.353823E-03  0.157212E-02  0.289928E-02  0.474866E-02
   2.50000      0.190338E-03  0.845844E-03  0.261515E-02  0.428328E-02
   2.60000      0.128574E-03  0.571476E-03  0.236352E-02  0.387114E-02
   2.70000      0.101661E-03  0.451911E-03  0.213767E-02  0.350123E-02
   2.80000      0.870508E-04  0.386991E-03  0.193393E-02  0.316753E-02
   2.90000      0.771073E-04  0.342795E-03  0.174978E-02  0.286593E-02
   3.00000      0.692115E-04  0.307696E-03  0.158324E-02  0.259314E-02
   3.10000      0.624375E-04  0.277581E-03  0.143256E-02  0.234635E-02
   3.20000      0.564327E-04  0.250886E-03  0.129623E-02  0.212306E-02
   3.30000      0.510412E-04  0.226917E-03  0.117287E-02  0.192102E-02
   3.40000      0.461768E-04  0.205291E-03  0.106126E-02  0.173821E-02
   3.50000      0.417801E-04  0.185744E-03  0.960268E-03  0.157280E-02
   3.60000      0.378034E-04  0.168065E-03  0.868886E-03  0.142313E-02
   3.70000      0.342057E-04  0.152070E-03  0.786201E-03  0.128770E-02
   3.80000      0.309505E-04  0.137598E-03  0.711384E-03  0.116516E-02
   3.90000      0.280051E-04  0.124504E-03  0.643687E-03  0.105428E-02
   4.00000      0.253401E-04  0.112656E-03  0.582432E-03  0.953950E-03
   4.10000      0.229286E-04  0.101935E-03  0.527006E-03  0.863170E-03
   4.20000      0.207467E-04  0.922348E-04  0.476855E-03  0.781028E-03
