  0.300000      0.972338E-03  0.432309E-02  0.235545E-01  0.385792E-01
  0.400000      0.909715E-03  0.404447E-02  0.213149E-01  0.349110E-01
  0.500000      0.833201E-03  0.370424E-02  0.192871E-01  0.315899E-01
  0.600000      0.757293E-03  0.336675E-02  0.174519E-01  0.285840E-01
  0.700000      0.686364E-03  0.305141E-02  0.157912E-01  0.258640E-01
  0.800000      0.621430E-03  0.276273E-02  0.142885E-01  0.234028E-01
  0.900000      0.562422E-03  0.250039E-02  0.129288E-01  0.211757E-01
   1.00000      0.508943E-03  0.226264E-02  0.116985E-01  0.191606E-01
   1.10000      0.460526E-03  0.204739E-02  0.105852E-01  0.173372E-01
   1.20000      0.416706E-03  0.185257E-02  0.957789E-02  0.156874E-01
   1.30000      0.377052E-03  0.167628E-02  0.866643E-02  0.141945E-01
   1.40000      0.341172E-03  0.151677E-02  0.784171E-02  0.128437E-01
   1.50000      0.308705E-03  0.137243E-02  0.709547E-02  0.116215E-01
   1.60000      0.279328E-03  0.124182E-02  0.642025E-02  0.105156E-01
   1.70000      0.252746E-03  0.112365E-02  0.580928E-02  0.951487E-02
   1.80000      0.228694E-03  0.101672E-02  0.525646E-02  0.860941E-02
   1.90000      0.206931E-03  0.919967E-03  0.475624E-02  0.779012E-02
   2.00000      0.187239E-03  0.832420E-03  0.430362E-02  0.704879E-02
   2.10000      0.169421E-03  0.753205E-03  0.389408E-02  0.637801E-02
   2.20000      0.153298E-03  0.681528E-03  0.352351E-02  0.577106E-02
