   6.30000      0.231964E-05  0.103139E-04  0.583799E-04  0.956190E-04
   6.40000      0.222451E-05  0.989007E-05  0.528323E-04  0.865327E-04
   6.50000      0.205506E-05  0.913644E-05  0.478073E-04  0.783024E-04
   6.60000      0.187370E-05  0.833006E-05  0.432588E-04  0.708524E-04
   6.70000      0.170017E-05  0.755855E-05  0.391425E-04  0.641104E-04
   6.80000      0.153998E-05  0.684639E-05  0.354177E-04  0.580097E-04
   6.90000      0.139397E-05  0.619727E-05  0.320473E-04  0.524894E-04
   7.00000      0.126150E-05  0.560833E-05  0.289976E-04  0.474944E-04
   7.10000      0.114151E-05  0.507489E-05  0.262381E-04  0.429747E-04
   7.20000      0.103291E-05  0.459205E-05  0.237412E-04  0.388851E-04
   7.30000      0.934618E-06  0.415509E-05  0.214819E-04  0.351847E-04
   7.40000      0.845680E-06  0.375969E-05  0.194377E-04  0.318364E-04
   7.50000      0.765203E-06  0.340191E-05  0.175879E-04  0.288068E-04
   7.60000      0.692385E-06  0.307818E-05  0.159142E-04  0.260655E-04
   7.70000      0.626496E-06  0.278525E-05  0.143998E-04  0.235850E-04
   7.80000      0.566877E-06  0.252020E-05  0.130295E-04  0.213406E-04
   7.90000      0.512931E-06  0.228037E-05  0.117895E-04  0.193098E-04
   8.00000      0.464120E-06  0.206336E-05  0.106676E-04  0.174722E-04
   8.10000      0.419953E-06  0.186701E-05  0.965246E-05  0.158095E-04
   8.20000      0.379989E-06  0.168934E-05  0.873390E-05  0.143050E-04
