   4.30000      0.171937E-04  0.764483E-04  0.431376E-03  0.706539E-03
   4.40000      0.164551E-04  0.731585E-04  0.390382E-03  0.639397E-03
   4.50000      0.151910E-04  0.675367E-04  0.353252E-03  0.578581E-03
   4.60000      0.138469E-04  0.615603E-04  0.319642E-03  0.523533E-03
   4.70000      0.125633E-04  0.558536E-04  0.289226E-03  0.473715E-03
   4.80000      0.113792E-04  0.505894E-04  0.261703E-03  0.428637E-03
   4.90000      0.103002E-04  0.457923E-04  0.236799E-03  0.387847E-03
   5.00000      0.932132E-05  0.414404E-04  0.214265E-03  0.350938E-03
   5.10000      0.843472E-05  0.374987E-04  0.193875E-03  0.317542E-03
   5.20000      0.763220E-05  0.339309E-04  0.175425E-03  0.287324E-03
   5.30000      0.690595E-05  0.307022E-04  0.158731E-03  0.259982E-03
   5.40000      0.624877E-05  0.277805E-04  0.143626E-03  0.235241E-03
   5.50000      0.565413E-05  0.251369E-04  0.129958E-03  0.212855E-03
   5.60000      0.511607E-05  0.227448E-04  0.117591E-03  0.192599E-03
   5.70000      0.462921E-05  0.205804E-04  0.106401E-03  0.174271E-03
   5.80000      0.418869E-05  0.186219E-04  0.962754E-04  0.157687E-03
   5.90000      0.379008E-05  0.168498E-04  0.871135E-04  0.142681E-03
   6.00000      0.342941E-05  0.152463E-04  0.788236E-04  0.129103E-03
   6.10000      0.310305E-05  0.137954E-04  0.713225E-04  0.116817E-03
   6.20000      0.280776E-05  0.124826E-04  0.645353E-04  0.105701E-03
