   4.30000      0.112258E-03  0.498758E-03  0.437405E-03  0.716415E-03
   4.40000      0.484211E-04  0.215146E-03  0.392410E-03  0.642717E-03
   4.50000      0.259398E-04  0.115274E-03  0.353933E-03  0.579698E-03
   4.60000      0.174612E-04  0.776102E-04  0.319871E-03  0.523908E-03
   4.70000      0.137787E-04  0.612501E-04  0.289303E-03  0.473842E-03
   4.80000      0.117879E-04  0.524039E-04  0.261729E-03  0.428679E-03
   4.90000      0.104376E-04  0.464024E-04  0.236808E-03  0.387861E-03
   5.00000      0.936753E-05  0.416455E-04  0.214268E-03  0.350943E-03
   5.10000      0.845026E-05  0.375677E-04  0.193876E-03  0.317544E-03
   5.20000      0.763742E-05  0.339541E-04  0.175425E-03  0.287325E-03
   5.30000      0.690770E-05  0.307100E-04  0.158731E-03  0.259982E-03
   5.40000      0.624937E-05  0.277832E-04  0.143626E-03  0.235241E-03
   5.50000      0.565433E-05  0.251378E-04  0.129958E-03  0.212855E-03
   5.60000      0.511614E-05  0.227451E-04  0.117591E-03  0.192599E-03
   5.70000      0.462924E-05  0.205805E-04  0.106401E-03  0.174271E-03
   5.80000      0.418869E-05  0.186219E-04  0.962754E-04  0.157687E-03
   5.90000      0.379008E-05  0.168498E-04  0.871135E-04  0.142681E-03
   6.00000      0.342941E-05  0.152463E-04  0.788236E-04  0.129103E-03
   6.10000      0.310305E-05  0.137954E-04  0.713225E-04  0.116817E-03
   6.20000      0.280776E-05  0.124826E-04  0.645353E-04  0.105701E-03
